# Created by Octave 9.2.0, Thu Nov 07 20:05:22 2024 AEST <noah@noah-Crackhead>
# name: EQNS
# type: matrix
# rows: 10
# columns: 2
 0.09999999999999995 -1.3999999999999999
 -2.6666666666666674 9.6666666666666714
 -0.33333333333333331 -6.666666666666667
 -2.75 -4.249999999999992
 -0.39999999999999902 -16.000000000000011
 -3.3333333333333286 13.333333333333265
 -0.54545454545454553 -22.90909090909091
 0 -24
 0 0
 0 0


