# Created by Octave 9.2.0, Thu Nov 07 20:03:43 2024 AEST <noah@noah-Crackhead>
# name: EQNS
# type: matrix
# rows: 10
# columns: 2
 1.9999999999999956 -31.999999999999947
 -0.6666666666666663 5.3333333333333224
 0.49999999999999944 -17.999999999999993
 -0.75000000000000044 2.0000000000000084
 0.25000000000000017 -18
 -0.50000000000000022 -11.999999999999993
 1.6666666666666665 -55.333333333333329
 -0.54545454545454486 -24.363636363636367
 0 -26
 0 0


